Class No.31
0.0003267753871692186
0.020906664605466033
0.03163190306960164
0.04413911577064168
0.03757631720780356
0.028033930256567183
0.0330990946689853
0.031940540308715286
0.03837657736033066
0.014600716446924407
0.038764371339768254
0.03504296034541734
0.016707513511823875
0.046899722203539454
0.004926929741239364
0.04421436274806931
0.004244126078255923
0.05318482286054303
0.02533452133835585
0.03875878717254574
0.020582865807737917
0.03188719438213714
0.018463090763910103
0.04200823706195271
0.05048571185176851
0.029341481346889558
0.04985550084676389
0.032045677906658604
0.04065602086629807
0.012359406787741067
0.03042683481713068
0.05317822513924871
Class No.31
0.07098745263375784
0.030613729404714244
0.01277654993530372
0.049794559687016626
0.04289989412806755
0.04687408516246314
0.04086649609382446
0.024535452223344766
0.03605352112847252
0.015022649771342081
0.01851913544546155
0.01151096421345196
0.041963769848666545
0.047449102845730735
0.07092123747575334
0.04979024271574881
0.0003090798516165025
0.01778682963590808
0.0150948321030396
0.030635009576815794
0.01270815443433409
0.008730774026269764
0.039833608094370865
0.04477771005469317
0.02814106785669494
0.015655574315508822
0.030421350751834428
0.01118859395584386
0.02812310815743819
0.036239277219867444
0.05611530291535973
0.013660884337285017
