Class No.31
0.01268862776034111
0.012735245436977188
0.056848300432895085
0.004245029084535937
0.05649795924158356
0.04567857755808824
0.03448763007754349
0.03319358109979795
0.003850430677055255
0.035874119418602975
0.03943857139991149
0.020316611319248536
0.05379794202169024
0.05152096445501608
0.015239627127133799
0.004575096135659812
0.05923617544426575
0.02164574271124355
0.02489629107302226
0.0023917254862789194
0.039771511784072726
0.04565301286872326
0.021647803950866462
0.01901873364188836
0.026410479239069078
0.019751591596416606
0.050031795195804245
0.04476113215589379
0.004986850245977384
0.055213366025925616
0.05622397390946563
0.02737150142500566
Class No.31
0.0024981515682502165
0.055378444385985985
0.049829742794055394
0.009974141222661529
0.02928743919829973
0.020264020451844073
0.03215279128116184
0.0328707324227709
0.03500438534153294
0.026970372775993
0.019045529838786816
0.022019580874393457
0.009857917163459661
0.042488116097127035
0.02135893596251301
0.022695156754497677
0.05013385456708056
0.05267785194275857
0.015768672114512914
0.039300974665644306
0.06158115023854677
0.03865995906995092
0.03242214825926151
0.0263184640386902
0.05701508691388661
0.02476429956653068
0.008322567358905186
0.05900340880679447
0.0057864242165798834
0.02362466304766032
0.05058570152674756
0.022339315533116022
