Class No.31
0.04735984888408573
0.01597511653538015
0.030308471809294364
0.008075495715237564
0.04606332922254925
0.04770630621657378
0.048389897447768546
0.026376728203811522
0.048100340549710255
0.0010843832433800132
0.0339962886840889
0.04309049993626423
0.03673872996077138
0.0060176971372228
0.027484706076007955
0.009247295323720319
0.048077389372781505
0.04217793515705206
0.004603879624741128
0.054793608348042824
0.0513612627143587
0.034300427084470224
0.04018127308844962
0.021704672477114155
0.0012036072891331384
0.019888168778004773
0.04274252199934383
0.01110405343223089
0.02929647842439228
0.02817666702109279
0.04048130667530293
0.053891613567622385
Class No.31
0.04977041167550085
0.04273522198392055
0.04390774633494304
0.015149764218699117
0.05161244670115447
0.020442929958548316
0.04237581828082242
0.03483250759074811
0.000829191892369403
0.02871666781843115
0.003190551821404122
0.034425441987662765
0.01330466584838224
0.02052823802618932
0.0157765327959125
0.012044317032709867
0.009022940117193037
0.05309395462854878
0.03422415082782537
0.038344104848043715
0.056785198224681
0.030393799856858084
0.05751230492104546
0.01233573000257366
0.05872160555133064
0.021858629265605438
0.033647939983580025
0.02090081673771176
0.0441072796992427
0.019466201041929775
0.04418528823084428
0.03575760209558796
