Class No.31
0.025485833092852257
0.0386806970390505
0.05460573645139147
0.04264044993204801
0.0005762885702539565
0.024718838864834062
0.04527270566650204
0.024007783341128307
0.019134160243938426
0.05149133758989785
0.047794789086284026
0.0503140215286759
0.024219635411887794
0.020503325694381333
0.03386024482471517
0.04231423539348696
0.011885014791642187
0.005417211463093721
0.033588885434398565
0.014910954136942418
0.048948476040793686
0.04562309312461949
0.010406902133226514
0.04129636487173474
0.04049807561025511
0.02491733041634
0.010158708928240055
0.00379499375216019
0.03020494693569121
0.037250735142979045
0.040518813494833716
0.05495941099172141
Class No.31
0.0372338156109991
0.05214215508216469
0.03443331491174661
0.04249169326600532
0.05553314985549853
0.04112730920781554
0.03647478812891189
0.018850116483901246
0.05017202389294767
0.055901298387402404
0.008296558742591404
0.04322929187418874
0.025394155864019694
0.020432777329987627
0.032042654422200216
0.04665077129686692
0.018044788361778655
0.04022161078587536
0.045683045380445465
0.0381322266585597
0.014378097409616517
0.015593551564389829
0.012622060417027514
0.031811212248976165
0.02566616000845823
0.04524080275390754
0.0029049475739598225
0.016348839382989137
0.00979769379254667
0.030053843737894295
0.024605878932131214
0.028489366634196288
