Class No.31
0.03467722018423534
0.010197249040520422
0.026753298044786124
0.047864620489112386
0.03860499440612711
0.042427835090226684
0.02762324330628059
0.036179731133226894
0.002359388915265688
0.03840094609982023
0.0015029088908282318
0.03539560271490682
0.04941896472635986
0.0380344199191673
0.04250565643953095
0.011699124445120189
0.04970006248296939
0.0258411461038071
0.0036434637291189735
0.027766754408572937
0.031561990413733816
0.013423360735248375
0.044966798488562505
0.052339896555953974
0.03997358849427402
0.04364699847749463
0.024010217235409866
0.03997119018923194
0.04784233079367077
0.05078959123052157
0.020766374804315334
0.0001110320115999746
Class No.31
0.006325046854841692
0.03865364551170298
0.005733455678557252
0.057828157503389356
0.05618367233094467
0.007587065937981109
0.036778527551810825
0.050389812268494434
0.03930527064688251
0.02779459181132615
0.05830033360145654
0.012778388152552982
0.022799632266931855
0.02138790111464983
0.053022071422520425
0.03307924632357659
0.01000471783940767
0.009804670628613298
0.057640204277103674
0.022844222454301687
0.0211512607077703
0.04307891489117314
0.04555463910139393
0.015183367411732946
0.009878010660922342
0.04533814010062741
0.057741991423583855
0.025679428129921036
0.043476707417037554
0.001800647338284961
0.053574327191936034
0.009301931448571124
