Class No.31
0.0480121644533288
0.013311031550800375
0.035744324831706836
0.027694853372445972
0.02534238402861298
0.03864916980842547
0.0059815589980193075
0.041895750553553796
0.027528816697143542
0.05830507280190547
0.02465269671066513
0.044168420158695085
0.060147335294214406
0.013695174372643549
0.04412852978519534
0.017843705840199613
0.006623402915196392
0.027281094154694523
0.03744201090373078
0.0028032262611388642
0.01772974372838494
0.02736360303913337
0.030533575409727093
0.007065950258531455
0.030686643480834937
0.047445324442821186
0.02696159827179957
0.05990525425298966
0.03651255439741785
0.013541616657151322
0.05464452168011307
0.04635889088877947
Class No.31
0.03619330741332656
0.042002724424563834
0.00686536601322216
0.02336162044703521
0.031564578813977166
0.022610727528202486
0.037362060607073595
0.025716045921685842
0.033799040059279147
0.032502411159904564
0.019197514750168777
0.059483578368174
0.0159560819035564
0.05688990500114366
0.004354614521248608
0.017647918033306176
0.044009506595329546
0.03528029107773034
0.04252613757958353
0.04546027823457851
0.06028549949466495
0.003975435772082549
0.034946339708337375
0.014947177397259703
0.03607929492267022
0.05188307283575751
0.045339075000860436
0.010050239410834709
0.03265182384794007
0.010755694009950415
0.006729340337616507
0.0595732988089353
