Epoch: 19999 , Train Loss: 0.004450261843157932
Epoch: 19999 , Distribution: tensor([[2.2201e-03, 6.6272e-01, 3.6510e-05, 1.2391e-04, 7.5437e-05, 3.3483e-01],
        [1.9953e-04, 1.7127e-01, 1.7648e-05, 6.4082e-05, 5.2730e-05, 8.2839e-01],
        [3.1872e-01, 1.1826e-01, 6.4208e-04, 1.5695e-03, 6.5995e-04, 5.6015e-01],
        [9.7148e-02, 6.5361e-01, 4.0314e-03, 7.7882e-03, 6.7409e-03, 2.3068e-01],
        [2.1159e-03, 5.4117e-01, 7.0871e-05, 4.3857e-04, 3.3348e-04, 4.5587e-01],
        [1.0972e-03, 2.5766e-01, 3.7323e-05, 1.0291e-04, 7.4530e-05, 7.4103e-01],
        [5.9141e-01, 1.3736e-01, 2.6317e-04, 9.2211e-04, 4.6182e-04, 2.6958e-01],
        [4.5551e-01, 1.5049e-01, 2.0587e-03, 5.2254e-03, 2.3288e-03, 3.8439e-01],
        [4.9580e-02, 7.0945e-01, 3.2670e-04, 1.2641e-03, 7.6742e-04, 2.3861e-01],
        [3.8690e-01, 3.6288e-01, 3.9979e-03, 1.7935e-02, 9.6304e-03, 2.1865e-01]],
       grad_fn=<SoftmaxBackward>)
Variance Ratio:[5.63166053e-01 4.36708274e-01 1.23502211e-04 1.76831532e-06
 4.02404377e-07]
